select_index (from 0): 
96, 97, 98, 99, 100, 101, 102, 103, 104, 105, 106, 107, 108, 109, 110, 111, 128, 129, 130, 131, 132, 133, 134, 135, 136, 137, 138, 139, 140, 141, 142, 143, 160, 161, 162, 163, 164, 165, 166, 167, 168, 169, 170, 171, 172, 173, 174, 175, 184, 185, 186, 187, 188, 189, 190, 191, 192, 193, 194, 195, 196, 197, 198, 199, 200, 201, 202, 203, 204, 205, 206, 207, 216, 217, 218, 219, 220, 221, 222, 223, 224, 225, 226, 227, 228, 229, 230, 231, 232, 233, 234, 235, 236, 237, 238, 239, 248, 249, 250, 251, 252, 253, 254, 255

original head length: 
1   : 368
2   : 368
3   : 496
4   : 496
5   : 400
6   : 400
7   : 528
8   : 528
9   : 656
10  : 656
11  : 560
12  : 560
13  : 336
14  : 336
15  : 464
16  : 464
17  : 368
18  : 368
19  : 496
20  : 496
21  : 624
22  : 624
23  : 528
24  : 528
25  : 304
26  : 432
27  : 336
28  : 464
29  : 592
30  : 496
